[1]
x변수에 1,3,5,7,9 값을 입력, y 변수에 1,2,3,4,5 값을 입력하세요.

[Answer]

x <- c(1,3,5,7,9)
y <- c(1,2,3,4,5)

> x
[1] 1 3 5 7 9
> y
[1] 1 2 3 4 5
