[18]
10 부터 20 까지의 값을 x 변수에 생성한 후 원소의 값이 15 이상이고 18 이하인 값들만 출력하세요.

[Answer]
x <- c(10:20)

x >= 15 & x <= 18 가 트루인 경우

x[x >= 15 & x <= 18]		# x[요소번호], x[x >= 15 & x <= 18] 에서 안의 조건절이 트루인 경우


> x <- c(10:20)
> x
 [1] 10 11 12 13 14 15 16 17 18 19 20
> x >= 15 & x <= 18
 [1] FALSE FALSE FALSE FALSE FALSE  TRUE  TRUE  TRUE  TRUE FALSE FALSE
> x[x >= 15 & x <= 18]
[1] 15 16 17 18
